{
  "DR2_ablations": {
    "no_memory": {
      "bounded_optimizer": {
        "chi2": 10.278959782145325,
        "evaluations": 9,
        "message": "Solution found.",
        "omega_m": 0.2971482052919623,
        "success": true
      },
      "chi2_observational": 10.278959782145325,
      "depletion_scale": 1.0,
      "dscd_dynamics_frozen": true,
      "grid_optimizer": {
        "chi2": 11.889325076554739,
        "omega_m": 0.30833333333333335,
        "points": 13,
        "theta": 0.03358333188386017
      },
      "independent_scoring": {
        "chi2_observational": 10.27855544052281,
        "chi2_total_predictive": 10.278555330584433,
        "joint_log_predictive_density": 1.4184099599372821,
        "prediction_mean": [
          7.902144491584998,
          13.256304509456168,
          22.469144235122165,
          17.414001883225275,
          19.999711599952313,
          21.678934109304926,
          17.476661295634784,
          27.745355862774055,
          14.041445872909671,
          29.93676914367538,
          12.87185370008345,
          8.63606284540925,
          38.85275218062439
        ],
        "raw_residual": [
          -0.039531898415001265,
          -0.33127983054383137,
          0.6061973751221643,
          0.0633109432252752,
          0.5443624199523143,
          0.10329454930492687,
          -0.16483334436521702,
          0.1444997427740553,
          -0.13457567709032858,
          -0.5751314863246186,
          0.05485406008344995,
          0.004517170562955641,
          -0.13622178133439178
        ],
        "simulation_covariance": [
          [
            1.098186072668337e-09,
            2.0778069207349564e-09,
            5.765723701536375e-09,
            3.01904803086974e-09,
            4.413144080609953e-09,
            4.169760237364152e-09,
            4.784329797393927e-09,
            5.371440326242686e-09,
            2.0259014056052416e-09,
            5.604458240001471e-09,
            1.4852201196883377e-09,
            7.582642567378983e-10,
            6.658470090701332e-09
          ],
          [
            2.0778069207349564e-09,
            4.007007381247778e-09,
            1.070578836657206e-08,
            5.723859598488421e-09,
            8.290249839034159e-09,
            7.836544929805657e-09,
            8.772053191205822e-09,
            9.986410741252165e-09,
            3.4614413298779184e-09,
            1.0369432753092104e-08,
            2.430381801007339e-09,
            1.3709963732612397e-09,
            1.2220776220892584e-08
          ],
          [
            5.765723701536375e-09,
            1.070578836657206e-08,
            3.4848820594578224e-08,
            1.6187155507059467e-08,
            2.2457934040082688e-08,
            2.2323954181669913e-08,
            2.6085373703625033e-08,
            2.868929007051638e-08,
            1.0573745657774687e-08,
            3.006969462955699e-08,
            9.508939782030371e-09,
            3.555893496961438e-09,
            3.579981571113907e-08
          ],
          [
            3.01904803086974e-09,
            5.723859598488421e-09,
            1.6187155507059467e-08,
            8.335111306438837e-09,
            1.2043507828312856e-08,
            1.148148734134747e-08,
            1.3129013193957403e-08,
            1.4740746666099071e-08,
            5.415269386824815e-09,
            1.5372553929623945e-08,
            4.087490726852715e-09,
            2.020336957993793e-09,
            1.8230993747252963e-08
          ],
          [
            4.413144080609953e-09,
            8.290249839034159e-09,
            2.2457934040082688e-08,
            1.2043507828312856e-08,
            1.796995254910112e-08,
            1.6735293340106348e-08,
            1.9400015406145618e-08,
            2.172133305627101e-08,
            8.66277544197379e-09,
            2.2702866423735748e-08,
            6.117478782736343e-09,
            3.226098086822176e-09,
            2.7091348770446345e-08
          ],
          [
            4.169760237364152e-09,
            7.836544929805657e-09,
            2.2323954181669913e-08,
            1.148148734134747e-08,
            1.6735293340106348e-08,
            1.589005875682584e-08,
            1.837659733040624e-08,
            2.0519210757889186e-08,
            7.875075184556771e-09,
            2.144443014696402e-08,
            5.953839962925042e-09,
            2.8805944521938344e-09,
            2.5532614325954064e-08
          ],
          [
            4.784329797393927e-09,
            8.772053191205822e-09,
            2.6085373703625033e-08,
            1.3129013193957403e-08,
            1.9400015406145618e-08,
            1.837659733040624e-08,
            2.1890624176977317e-08,
            2.4054811456537595e-08,
            1.0143971765498433e-08,
            2.528405196864335e-08,
            7.91179536672024e-09,
            3.5071122675851586e-09,
            3.0394423221428706e-08
          ],
          [
            5.371440326242686e-09,
            9.986410741252165e-09,
            2.868929007051638e-08,
            1.4740746666099071e-08,
            2.172133305627101e-08,
            2.0519210757889186e-08,
            2.4054811456537595e-08,
            2.6684407938898875e-08,
            1.0771752339498668e-08,
            2.795903841879784e-08,
            8.15223059117075e-09,
            3.855130626709869e-09,
            3.344687542206189e-08
          ],
          [
            2.0259014056052416e-09,
            3.4614413298779184e-09,
            1.0573745657774687e-08,
            5.415269386824815e-09,
            8.66277544197379e-09,
            7.875075184556771e-09,
            1.0143971765498433e-08,
            1.0771752339498668e-08,
            5.839780235771083e-09,
            1.1485096725877789e-08,
            4.421437987561628e-09,
            1.867922856441113e-09,
            1.417991436312665e-08
          ],
          [
            5.604458240001471e-09,
            1.0369432753092104e-08,
            3.006969462955699e-08,
            1.5372553929623945e-08,
            2.2702866423735748e-08,
            2.144443014696402e-08,
            2.528405196864335e-08,
            2.795903841879784e-08,
            1.1485096725877789e-08,
            2.932731731294053e-08,
            8.757791422608467e-09,
            4.0644035447350595e-09,
            3.514788703394636e-08
          ],
          [
            1.4852201196883377e-09,
            2.430381801007339e-09,
            9.508939782030371e-09,
            4.087490726852715e-09,
            6.117478782736343e-09,
            5.953839962925042e-09,
            7.91179536672024e-09,
            8.15223059117075e-09,
            4.421437987561628e-09,
            8.757791422608467e-09,
            4.0315742671017524e-09,
            1.2424067309345352e-09,
            1.0867631822248447e-08
          ],
          [
            7.582642567378983e-10,
            1.3709963732612397e-09,
            3.555893496961438e-09,
            2.020336957993793e-09,
            3.226098086822176e-09,
            2.8805944521938344e-09,
            3.5071122675851586e-09,
            3.855130626709869e-09,
            1.867922856441113e-09,
            4.0644035447350595e-09,
            1.2424067309345352e-09,
            6.6517317788136e-10,
            4.939944634784542e-09
          ],
          [
            6.658470090701332e-09,
            1.2220776220892584e-08,
            3.579981571113907e-08,
            1.8230993747252963e-08,
            2.7091348770446345e-08,
            2.5532614325954064e-08,
            3.0394423221428706e-08,
            3.344687542206189e-08,
            1.417991436312665e-08,
            3.514788703394636e-08,
            1.0867631822248447e-08,
            4.939944634784542e-09,
            4.225835925339315e-08
          ]
        ],
        "trajectory_seeds": [
          811,
          821,
          823,
          827
        ],
        "whitened_residual": [
          -0.5195278578940811,
          -1.9676077646587642,
          0.5883851027196745,
          0.3518621576784938,
          1.9264045473948506,
          0.6384806320557859,
          -0.637878490379023,
          0.44522260846135275,
          -0.4600325418018694,
          -0.7532261481902812,
          -0.3056892245698006,
          0.04469673753586223,
          -0.2625536236588596
        ]
      },
      "joint_log_predictive_density": 1.418209183202901,
      "optimizer_prediction_agreement": 0.19736935454199728,
      "parameter_names": [
        "theta",
        "omega_m"
      ],
      "parameter_vector": [
        0.03387227394200503,
        0.2971482052919623
      ],
      "parameters": {
        "omega_m": 0.2971482052919623,
        "theta": 0.03387227394200503
      },
      "prediction_mean": [
        7.9021254425994645,
        13.256269483996771,
        22.46916729165028,
        17.41396522866211,
        19.999674239430206,
        21.67889749425253,
        17.476647784102887,
        27.74531701181821,
        14.041392558328575,
        29.93671882753857,
        12.871823671613711,
        8.636057557690805,
        38.85268954592783
      ],
      "profile": {
        "chi2": [
          1530.740475662477,
          706.715562637663,
          301.5421594583821,
          105.20972465397185,
          24.40843627509578,
          11.889325076554739,
          41.445076444171676,
          97.58440246029723,
          170.69444664783947,
          254.60118175816382,
          345.212748572325,
          439.7642405556764,
          536.3641202487913
        ],
        "delta_chi2": [
          1520.4615158803315,
          696.4366028555177,
          291.2631996762368,
          94.93076487182653,
          14.129476492950456,
          1.610365294409414,
          31.16611666202635,
          87.3054426781519,
          160.41548686569413,
          244.32222197601848,
          334.9337887901797,
          429.4852807735311,
          526.085160466646
        ],
        "omega_m": [
          0.1,
          0.14166666666666666,
          0.18333333333333335,
          0.225,
          0.26666666666666666,
          0.30833333333333335,
          0.35,
          0.3916666666666666,
          0.43333333333333335,
          0.475,
          0.5166666666666666,
          0.5583333333333333,
          0.6
        ],
        "theta": [
          0.04230063433214721,
          0.0396422457307961,
          0.037644761031602476,
          0.03604779208824606,
          0.03471921265504059,
          0.03358333188386017,
          0.03259293913880655,
          0.0317159560871924,
          0.030929896501898212,
          0.030218505305935686,
          0.029569380746372095,
          0.02897297894022173,
          0.028421844418747583
        ]
      },
      "simulation_covariance": [
        [
          1.1691378877867059e-09,
          1.4751611434239921e-09,
          2.712016545949817e-10,
          1.1294092835941982e-09,
          -1.7119346244011528e-09,
          4.827067432518445e-10,
          -5.460311419729823e-09,
          -1.3435438614151711e-09,
          -3.067394921184082e-09,
          -1.8279416202263058e-09,
          -2.8603106988518314e-09,
          -5.822373242465076e-10,
          -2.639945784627752e-09
        ],
        [
          1.4751611434239921e-09,
          1.8612863562120585e-09,
          3.421890155729849e-10,
          1.4250335290514858e-09,
          -2.160035582098465e-09,
          6.09055816899307e-10,
          -6.889554535460603e-09,
          -1.6952180915097242e-09,
          -3.870289250340647e-09,
          -2.3064075493354346e-09,
          -3.6090004824443124e-09,
          -7.346386478036182e-10,
          -3.3309547854968635e-09
        ],
        [
          2.712016545949817e-10,
          3.421890155729849e-10,
          6.290989131683504e-11,
          2.6198592110083043e-10,
          -3.9711269949086875e-10,
          1.1197213675273369e-10,
          -1.266613208847409e-09,
          -3.1165812180333685e-10,
          -7.115350435663349e-10,
          -4.2402251871838007e-10,
          -6.634982941600344e-10,
          -1.350599679919151e-10,
          -6.123808597012218e-10
        ],
        [
          1.1294092835941982e-09,
          1.4250335290514858e-09,
          2.6198592110083043e-10,
          1.091030701505647e-09,
          -1.6537611841194103e-09,
          4.663038318895146e-10,
          -5.274763971966457e-09,
          -1.2978887484956122e-09,
          -2.9631614342713194e-09,
          -1.7658261333572064e-09,
          -2.763114163858509e-09,
          -5.624522531759905e-10,
          -2.5502374942175374e-09
        ],
        [
          -1.7119346244011528e-09,
          -2.160035582098465e-09,
          -3.9711269949086875e-10,
          -1.6537611841194103e-09,
          2.506736107724351e-09,
          -7.068134527477646e-10,
          7.995375290714953e-09,
          1.967312221924906e-09,
          4.491497219569438e-09,
          2.676601779601432e-09,
          4.188269812365231e-09,
          8.525531893275892e-10,
          3.86559587406907e-09
        ],
        [
          4.827067432518445e-10,
          6.09055816899307e-10,
          1.1197213675273369e-10,
          4.663038318895146e-10,
          -7.068134527477646e-10,
          1.9929710807841945e-10,
          -2.2544211166985065e-09,
          -5.547144511649273e-10,
          -1.266447891339009e-09,
          -7.547097357560919e-10,
          -1.1809481811807167e-09,
          -2.4039070628252004e-10,
          -1.0899652174231656e-09
        ],
        [
          -5.460311419729823e-09,
          -6.889554535460603e-09,
          -1.266613208847409e-09,
          -5.274763971966457e-09,
          7.995375290714953e-09,
          -2.2544211166985065e-09,
          2.550169754302863e-08,
          6.27485257815163e-09,
          1.4325882081086342e-08,
          8.537171370279006e-09,
          1.3358721273230504e-08,
          2.7192661736372918e-09,
          1.2329534664691611e-08
        ],
        [
          -1.3435438614151711e-09,
          -1.6952180915097242e-09,
          -3.1165812180333685e-10,
          -1.2978887484956122e-09,
          1.967312221924906e-09,
          -5.547144511649273e-10,
          6.27485257815163e-09,
          1.5439668206832656e-09,
          3.5249731104812186e-09,
          2.1006245444065244e-09,
          3.286997129532435e-09,
          6.69092492040514e-10,
          3.03375931141884e-09
        ],
        [
          -3.067394921184082e-09,
          -3.870289250340647e-09,
          -7.115350435663349e-10,
          -2.9631614342713194e-09,
          4.491497219569438e-09,
          -1.266447891339009e-09,
          1.4325882081086342e-08,
          3.5249731104812186e-09,
          8.047734746085346e-09,
          4.795857614979715e-09,
          7.504420652448524e-09,
          1.5275801340238244e-09,
          6.9262628271318364e-09
        ],
        [
          -1.8279416202263058e-09,
          -2.3064075493354346e-09,
          -4.2402251871838007e-10,
          -1.7658261333572064e-09,
          2.676601779601432e-09,
          -7.547097357560919e-10,
          8.537171370279006e-09,
          2.1006245444065244e-09,
          4.795857614979715e-09,
          2.8579781750817423e-09,
          4.472082401766902e-09,
          9.103253336988401e-10,
          4.1275428888867214e-09
        ],
        [
          -2.8603106988518314e-09,
          -3.6090004824443124e-09,
          -6.634982941600344e-10,
          -2.763114163858509e-09,
          4.188269812365231e-09,
          -1.1809481811807167e-09,
          1.3358721273230504e-08,
          3.286997129532435e-09,
          7.504420652448524e-09,
          4.472082401766902e-09,
          6.9977864710675075e-09,
          1.4244510123317255e-09,
          6.458660908213716e-09
        ],
        [
          -5.822373242465076e-10,
          -7.346386478036182e-10,
          -1.350599679919151e-10,
          -5.624522531759905e-10,
          8.525531893275892e-10,
          -2.4039070628252004e-10,
          2.7192661736372918e-09,
          6.69092492040514e-10,
          1.5275801340238244e-09,
          9.103253336988401e-10,
          1.4244510123317255e-09,
          2.8995750226476197e-10,
          1.3147080304679417e-09
        ],
        [
          -2.639945784627752e-09,
          -3.3309547854968635e-09,
          -6.123808597012218e-10,
          -2.5502374942175374e-09,
          3.86559587406907e-09,
          -1.0899652174231656e-09,
          1.2329534664691611e-08,
          3.03375931141884e-09,
          6.9262628271318364e-09,
          4.1275428888867214e-09,
          6.458660908213716e-09,
          1.3147080304679417e-09,
          5.961070818573368e-09
        ]
      ],
      "trajectory_seeds": [
        701,
        709
      ]
    },
    "no_regime_feedback": {
      "bounded_optimizer": {
        "chi2": 10.27943328240788,
        "evaluations": 9,
        "message": "Solution found.",
        "omega_m": 0.2971536422452798,
        "success": true
      },
      "chi2_observational": 10.27943328240788,
      "depletion_scale": 1.0,
      "dscd_dynamics_frozen": true,
      "grid_optimizer": {
        "chi2": 11.888087763687746,
        "omega_m": 0.30833333333333335,
        "points": 13,
        "theta": 0.033583227897841524
      },
      "independent_scoring": {
        "chi2_observational": 10.27956184341226,
        "chi2_total_predictive": 10.279560930187921,
        "joint_log_predictive_density": 1.4179087883827144,
        "prediction_mean": [
          7.9021598444809165,
          13.256340090770458,
          22.46922584934553,
          17.414057856577138,
          19.999832158300656,
          21.679019093513666,
          17.476762881360454,
          27.745463891456748,
          14.041468521398363,
          29.93688082941071,
          12.871866060948964,
          8.636048848707729,
          38.85285443884692
        ],
        "raw_residual": [
          -0.039516545519083124,
          -0.33124424922954177,
          0.6062789893455296,
          0.063366916577138,
          0.5444829783006568,
          0.10337953351366735,
          -0.16473175863954737,
          0.14460777145674797,
          -0.13455302860163698,
          -0.5750198005892884,
          0.054866420948963324,
          0.004503173861435172,
          -0.1361195231118657
        ],
        "simulation_covariance": [
          [
            1.5878388025014676e-09,
            2.3342423369324165e-09,
            -5.427060964530168e-10,
            2.224579734884687e-09,
            -7.593571265914341e-10,
            2.0245926602602238e-09,
            -4.4005764619908515e-11,
            1.7178809364344368e-09,
            -1.2919397755736575e-09,
            1.558141694178641e-09,
            -7.223878869731816e-10,
            -3.6072452499335274e-10,
            1.0761510023403853e-09
          ],
          [
            2.3342423369324165e-09,
            3.4448744645225495e-09,
            -6.595247285314347e-10,
            3.313221050996025e-09,
            -7.444023439851596e-10,
            3.077788337534053e-09,
            7.640461247212848e-11,
            2.605926608053325e-09,
            -2.0219989543573326e-09,
            2.3506940725484008e-09,
            -1.0524971618159654e-09,
            -5.697560431629116e-10,
            1.6302974478328113e-09
          ],
          [
            -5.427060964530168e-10,
            -6.595247285314347e-10,
            1.7243684007603707e-09,
            -3.197957126713389e-10,
            3.6949650596779195e-09,
            3.477240302774386e-10,
            1.8431024604185548e-09,
            3.273900775315599e-10,
            -7.258765793287163e-10,
            1.9171830035269217e-10,
            5.153531409616719e-10,
            -2.7928874500817623e-10,
            2.6137268627034817e-10
          ],
          [
            2.224579734884687e-09,
            3.313221050996025e-09,
            -3.197957126713389e-10,
            3.254650551137915e-09,
            1.4477524306695315e-10,
            3.1628078761453543e-09,
            3.7904199829024066e-10,
            2.662612770361765e-09,
            -2.207798160332943e-09,
            2.3725682900741243e-09,
            -9.874616389916797e-10,
            -6.323362080589522e-10,
            1.6583512828225355e-09
          ],
          [
            -7.593571265914341e-10,
            -7.444023439851596e-10,
            3.6949650596779195e-09,
            1.4477524306695315e-10,
            1.2302406492133392e-08,
            1.8968827168431085e-09,
            2.535052248371132e-09,
            1.1069275649476134e-09,
            -3.1938042618218213e-09,
            5.351928240147803e-10,
            -4.585108690221078e-11,
            -9.482531763089913e-10,
            3.311324901927534e-10
          ],
          [
            2.0245926602602238e-09,
            3.077788337534053e-09,
            3.477240302774386e-10,
            3.1628078761453543e-09,
            1.8968827168431085e-09,
            3.3532537694870403e-09,
            9.793236737307842e-10,
            2.7938754408223435e-09,
            -2.5896476534423536e-09,
            2.433187450483741e-09,
            -8.659340310641255e-10,
            -7.602303522633798e-10,
            1.7260545109984908e-09
          ],
          [
            -4.4005764619908515e-11,
            7.640461247212848e-11,
            1.8431024604185548e-09,
            3.7904199829024066e-10,
            2.535052248371132e-09,
            9.793236737307842e-10,
            2.747873555870625e-09,
            1.0803258498110666e-09,
            -9.086592720350189e-10,
            9.407009022980589e-10,
            7.024551081306698e-10,
            -3.8675291073819745e-10,
            9.226845630793916e-10
          ],
          [
            1.7178809364344368e-09,
            2.605926608053325e-09,
            3.273900775315599e-10,
            2.662612770361765e-09,
            1.1069275649476134e-09,
            2.7938754408223435e-09,
            1.0803258498110666e-09,
            2.405079009395419e-09,
            -2.0596046090304453e-09,
            2.1251021241035036e-09,
            -5.957579653677029e-10,
            -6.236331097911181e-10,
            1.5530205604250981e-09
          ],
          [
            -1.2919397755736575e-09,
            -2.0219989543573326e-09,
            -7.258765793287163e-10,
            -2.207798160332943e-09,
            -3.1938042618218213e-09,
            -2.5896476534423536e-09,
            -9.086592720350189e-10,
            -2.0596046090304453e-09,
            2.27714280936768e-09,
            -1.7222313771191643e-09,
            6.637664876103949e-10,
            6.615951208824731e-10,
            -1.1951720052944683e-09
          ],
          [
            1.558141694178641e-09,
            2.3506940725484008e-09,
            1.9171830035269217e-10,
            2.3725682900741243e-09,
            5.351928240147803e-10,
            2.433187450483741e-09,
            9.407009022980589e-10,
            2.1251021241035036e-09,
            -1.7222313771191643e-09,
            1.8964050265041416e-09,
            -5.044555231910033e-10,
            -5.25953099364219e-10,
            1.3961975185129446e-09
          ],
          [
            -7.223878869731816e-10,
            -1.0524971618159654e-09,
            5.153531409616719e-10,
            -9.874616389916797e-10,
            -4.585108690221078e-11,
            -8.659340310641255e-10,
            7.024551081306698e-10,
            -5.957579653677029e-10,
            6.637664876103949e-10,
            -5.044555231910033e-10,
            6.052991229015336e-10,
            1.4539494140272408e-10,
            -2.5018898423692037e-10
          ],
          [
            -3.6072452499335274e-10,
            -5.697560431629116e-10,
            -2.7928874500817623e-10,
            -6.323362080589522e-10,
            -9.482531763089913e-10,
            -7.602303522633798e-10,
            -3.8675291073819745e-10,
            -6.236331097911181e-10,
            6.615951208824731e-10,
            -5.25953099364219e-10,
            1.4539494140272408e-10,
            1.9881255421729916e-10,
            -3.800206754960441e-10
          ],
          [
            1.0761510023403853e-09,
            1.6302974478328113e-09,
            2.6137268627034817e-10,
            1.6583512828225355e-09,
            3.311324901927534e-10,
            1.7260545109984908e-09,
            9.226845630793916e-10,
            1.5530205604250981e-09,
            -1.1951720052944683e-09,
            1.3961975185129446e-09,
            -2.5018898423692037e-10,
            -3.800206754960441e-10,
            1.0597468650001718e-09
          ]
        ],
        "trajectory_seeds": [
          811,
          821,
          823,
          827
        ],
        "whitened_residual": [
          -0.5193260683128628,
          -1.967396441670243,
          0.5887049902483492,
          0.35217324517455606,
          1.9269315504686044,
          0.6390068270608014,
          -0.637144171704799,
          0.4455558819186363,
          -0.4597775452533679,
          -0.7530797408244707,
          -0.30557868361239027,
          0.04455837069163158,
          -0.2624063909168795
        ]
      },
      "joint_log_predictive_density": 1.417973112089431,
      "optimizer_prediction_agreement": 0.19727818325800844,
      "parameter_names": [
        "theta",
        "omega_m"
      ],
      "parameter_vector": [
        0.033872058831749194,
        0.2971536422452798
      ],
      "parameters": {
        "omega_m": 0.2971536422452798,
        "theta": 0.033872058831749194
      },
      "prediction_mean": [
        7.902121869843893,
        13.256263122532243,
        22.469162171780923,
        17.41395768766926,
        19.999729826662794,
        21.678890066277305,
        17.47666515317102,
        27.74531749464958,
        14.041421534249162,
        29.93672563501702,
        12.871834258983878,
        8.636041183677378,
        38.85268694521462
      ],
      "profile": {
        "chi2": [
          1530.7893775158454,
          706.7868712632893,
          301.6015944385307,
          105.21016947867187,
          24.414048442054167,
          11.888087763687746,
          41.448376462414274,
          97.58801701301998,
          170.70625228012628,
          254.61398203784137,
          345.2263014286234,
          439.78035323521317,
          536.3799243572628
        ],
        "delta_chi2": [
          1520.5099442334376,
          696.5074379808814,
          291.32216115612283,
          94.930736196264,
          14.134615159646287,
          1.608654481279867,
          31.168943180006394,
          87.3085837306121,
          160.42681899771839,
          244.3345487554335,
          334.94686814621554,
          429.5009199528053,
          526.1004910748549
        ],
        "omega_m": [
          0.1,
          0.14166666666666666,
          0.18333333333333335,
          0.225,
          0.26666666666666666,
          0.30833333333333335,
          0.35,
          0.3916666666666666,
          0.43333333333333335,
          0.475,
          0.5166666666666666,
          0.5583333333333333,
          0.6
        ],
        "theta": [
          0.04230044408671383,
          0.03964192472364528,
          0.03764447026869581,
          0.036047756977769047,
          0.03471892451885616,
          0.033583227897841524,
          0.03259313725636158,
          0.03171612519796641,
          0.030930086822078446,
          0.030218685346197267,
          0.02956953707473743,
          0.028973136397524774,
          0.028421979592637977
        ]
      },
      "simulation_covariance": [
        [
          1.2621720269756123e-10,
          6.034835427680584e-10,
          3.5455051978446446e-09,
          1.3213828992122177e-09,
          3.000011733631257e-09,
          1.630222675799153e-09,
          4.531550794031965e-10,
          1.6569758598119398e-09,
          5.409919287034113e-10,
          1.7722397829536747e-09,
          7.771472808500607e-10,
          2.2653788557552649e-10,
          2.3306040405080254e-09
        ],
        [
          6.034835427680584e-10,
          2.8854417512686954e-09,
          1.6952158596200567e-08,
          6.31794094883015e-09,
          1.4343985373338633e-08,
          7.794599585996895e-09,
          2.16667480261679e-09,
          7.922514845749947e-09,
          2.5866499872062824e-09,
          8.473627366105807e-09,
          3.7157818766095962e-09,
          1.0831478026485e-09,
          1.1143339838750133e-08
        ],
        [
          3.5455051978446446e-09,
          1.6952158596200567e-08,
          9.959503807151228e-08,
          3.711831539101656e-08,
          8.427185017458849e-08,
          4.579378125293996e-08,
          1.2729355865250687e-08,
          4.6545291751897185e-08,
          1.5196737482813865e-08,
          4.978311377527248e-08,
          2.183046102160178e-08,
          6.3635640281250176e-09,
          6.546784878079536e-08
        ],
        [
          1.3213828992122177e-09,
          6.31794094883015e-09,
          3.711831539101656e-08,
          1.3833714652307241e-08,
          3.1407479468192474e-08,
          1.7066994986972615e-08,
          4.744134395446464e-09,
          1.734707725070874e-08,
          5.663708812446493e-09,
          1.85537889641711e-08,
          8.136047267227122e-09,
          2.371652053963471e-09,
          2.4399370752507635e-08
        ],
        [
          3.000011733631257e-09,
          1.4343985373338633e-08,
          8.427185017458849e-08,
          3.1407479468192474e-08,
          7.130621032293818e-08,
          3.8748182112292226e-08,
          1.0770881673092737e-08,
          3.938406901387943e-08,
          1.2858644457514962e-08,
          4.2123736147195303e-08,
          1.847173690654813e-08,
          5.384498311748166e-09,
          5.539529730132096e-08
        ],
        [
          1.630222675799153e-09,
          7.794599585996895e-09,
          4.579378125293996e-08,
          1.7066994986972615e-08,
          3.8748182112292226e-08,
          2.1055972687478212e-08,
          5.852955621800757e-09,
          2.140151708471841e-08,
          6.987457262144351e-09,
          2.289026709019494e-08,
          1.0037642196152881e-08,
          2.925965637804085e-09,
          3.0102105528747576e-08
        ],
        [
          4.531550794031965e-10,
          2.16667480261679e-09,
          1.2729355865250687e-08,
          4.744134395446464e-09,
          1.0770881673092737e-08,
          5.852955621800757e-09,
          1.6269535499132488e-09,
          5.949007039250186e-09,
          1.9423124199283146e-09,
          6.362836779787022e-09,
          2.7901762219009476e-09,
          8.133344055468715e-10,
          8.367520721913696e-09
        ],
        [
          1.6569758598119398e-09,
          7.922514845749947e-09,
          4.6545291751897185e-08,
          1.734707725070874e-08,
          3.938406901387943e-08,
          2.140151708471841e-08,
          5.949007039250186e-09,
          2.1752732126209345e-08,
          7.1021267074236535e-09,
          2.326591364244623e-08,
          1.0202367477376533e-08,
          2.973982941381886e-09,
          3.0596103790664845e-08
        ],
        [
          5.409919287034113e-10,
          2.5866499872062824e-09,
          1.5196737482813865e-08,
          5.663708812446493e-09,
          1.2858644457514962e-08,
          6.987457262144351e-09,
          1.9423124199283146e-09,
          7.1021267074236535e-09,
          2.3187985525517577e-09,
          7.596170710599569e-09,
          3.331007163588561e-09,
          9.709862445261178e-10,
          9.98943050528216e-09
        ],
        [
          1.7722397829536747e-09,
          8.473627366105807e-09,
          4.978311377527248e-08,
          1.85537889641711e-08,
          4.2123736147195303e-08,
          2.289026709019494e-08,
          6.362836779787022e-09,
          2.326591364244623e-08,
          7.596170710599569e-09,
          2.48843563409473e-08,
          1.0912072989265845e-08,
          3.18086159875664e-09,
          3.272445522975219e-08
        ],
        [
          7.771472808500607e-10,
          3.7157818766095962e-09,
          2.183046102160178e-08,
          8.136047267227122e-09,
          1.847173690654813e-08,
          1.0037642196152881e-08,
          2.7901762219009476e-09,
          1.0202367477376533e-08,
          3.331007163588561e-09,
          1.0912072989265845e-08,
          4.785067987759427e-09,
          1.3948439517107463e-09,
          1.4350045430486894e-08
        ],
        [
          2.2653788557552649e-10,
          1.0831478026485e-09,
          6.3635640281250176e-09,
          2.371652053963471e-09,
          5.384498311748166e-09,
          2.925965637804085e-09,
          8.133344055468715e-10,
          2.973982941381886e-09,
          9.709862445261178e-10,
          3.18086159875664e-09,
          1.3948439517107463e-09,
          4.06596030526843e-10,
          4.183028146453036e-09
        ],
        [
          2.3306040405080254e-09,
          1.1143339838750133e-08,
          6.546784878079536e-08,
          2.4399370752507635e-08,
          5.539529730132096e-08,
          3.0102105528747576e-08,
          8.367520721913696e-09,
          3.0596103790664845e-08,
          9.98943050528216e-09,
          3.272445522975219e-08,
          1.4350045430486894e-08,
          4.183028146453036e-09,
          4.303466625423228e-08
        ]
      ],
      "trajectory_seeds": [
        701,
        709
      ]
    },
    "no_transport": {
      "bounded_optimizer": {
        "chi2": 10.277876676029706,
        "evaluations": 9,
        "message": "Solution found.",
        "omega_m": 0.29714382627756303,
        "success": true
      },
      "chi2_observational": 10.277876676029706,
      "depletion_scale": 1.0,
      "dscd_dynamics_frozen": true,
      "grid_optimizer": {
        "chi2": 11.888557220471375,
        "omega_m": 0.30833333333333335,
        "points": 13,
        "theta": 0.03358325807664956
      },
      "independent_scoring": {
        "chi2_observational": 10.278987506332534,
        "chi2_total_predictive": 10.278986141816398,
        "joint_log_predictive_density": 1.4181956366016166,
        "prediction_mean": [
          7.902133962792817,
          13.256290928917966,
          22.469194082323245,
          17.414002049887877,
          19.99978085696975,
          21.67894936785295,
          17.476722861179468,
          27.7453982043017,
          14.041514706721049,
          29.936821262984175,
          12.871921750993202,
          8.636118457215805,
          38.852858100384914
        ],
        "raw_residual": [
          -0.039542427207182484,
          -0.3312934110820329,
          0.606247222323244,
          0.06331110988787714,
          0.5444316769697508,
          0.10330980785295196,
          -0.1647717788205334,
          0.14454208430170112,
          -0.13450684327895068,
          -0.5750793670158245,
          0.054922110993201656,
          0.004572782369510975,
          -0.13611586157387023
        ],
        "simulation_covariance": [
          [
            2.1493652609464116e-09,
            3.3641837748486394e-09,
            2.990731129042438e-09,
            3.605734461744872e-09,
            6.044068938035709e-11,
            3.881661163675099e-09,
            1.5149531007482485e-09,
            4.004937455149024e-09,
            -3.969007545937439e-10,
            3.971673407569483e-09,
            2.9305695754551687e-10,
            5.0544489621975973e-11,
            4.259350071024417e-09
          ],
          [
            3.3641837748486394e-09,
            5.636563683321188e-09,
            6.993917336897192e-09,
            6.4225214060141865e-09,
            2.0589061859570187e-09,
            7.03909036378482e-09,
            2.6246992918285834e-09,
            7.247054614849377e-09,
            -8.056863761864967e-10,
            7.199030299860616e-09,
            5.229048663669794e-10,
            -1.0823373324844723e-10,
            7.588466780403108e-09
          ],
          [
            2.990731129042438e-09,
            6.993917336897192e-09,
            2.1941601054818633e-08,
            1.0439900755961921e-08,
            1.5004189136713017e-08,
            1.2163391901924004e-08,
            3.6781509713996737e-09,
            1.2221542395240332e-08,
            -2.7638924192707076e-09,
            1.1980654409553293e-08,
            -1.205700997114742e-09,
            -9.229406218356219e-10,
            1.1416037835094775e-08
          ],
          [
            3.605734461744872e-09,
            6.4225214060141865e-09,
            1.0439900755961921e-08,
            7.779725784390873e-09,
            4.676455166557754e-09,
            8.662100977190651e-09,
            3.071943054524356e-09,
            8.86551124608163e-09,
            -1.2321835562852993e-09,
            8.78111504622702e-09,
            2.8673907843630684e-10,
            -2.7906429243391035e-10,
            9.037205837188227e-09
          ],
          [
            6.044068938035709e-11,
            2.0589061859570187e-09,
            1.5004189136713017e-08,
            4.676455166557754e-09,
            1.2529672093829828e-08,
            5.811792852167065e-09,
            1.376717910275184e-09,
            5.7300975644566425e-09,
            -1.8324074625560188e-09,
            5.5757081762810685e-09,
            -1.2537635069494854e-09,
            -8.515757683055058e-10,
            4.795799169849878e-09
          ],
          [
            3.881661163675099e-09,
            7.03909036378482e-09,
            1.2163391901924004e-08,
            8.662100977190651e-09,
            5.811792852167065e-09,
            9.6823753365899e-09,
            3.3920586472525133e-09,
            9.897501974293765e-09,
            -1.4343837513302641e-09,
            9.798546409379141e-09,
            2.436271842997688e-10,
            -3.56068573783428e-10,
            1.0028506145372392e-08
          ],
          [
            1.5149531007482485e-09,
            2.6246992918285834e-09,
            3.6781509713996737e-09,
            3.071943054524356e-09,
            1.376717910275184e-09,
            3.3920586472525133e-09,
            1.2410611100387084e-09,
            3.489845699356143e-09,
            -4.025313261905689e-10,
            3.469838883308198e-09,
            2.566483585126824e-10,
            -9.294108245266496e-11,
            3.632836900118083e-09
          ],
          [
            4.004937455149024e-09,
            7.247054614849377e-09,
            1.2221542395240332e-08,
            8.86551124608163e-09,
            5.7300975644566425e-09,
            9.897501974293765e-09,
            3.489845699356143e-09,
            1.0133057814119008e-08,
            -1.3992165532505251e-09,
            1.0045898380197745e-08,
            3.870961753925347e-10,
            -3.7152109995320636e-10,
            1.0325971846816692e-08
          ],
          [
            -3.969007545937439e-10,
            -8.056863761864967e-10,
            -2.7638924192707076e-09,
            -1.2321835562852993e-09,
            -1.8324074625560188e-09,
            -1.4343837513302641e-09,
            -4.025313261905689e-10,
            -1.3992165532505251e-09,
            5.004111257978193e-10,
            -1.325638813212128e-09,
            5.502261038020809e-10,
            2.859298685912083e-11,
            -1.1634882448565222e-09
          ],
          [
            3.971673407569483e-09,
